octave:4> knn
Knn classifier for IRIS DATA for K=1 random subsampling 
confusion_matrix =

   25    0    0
    0   25    0
    0    3   22

confusion_matrix =

   21    0    0
    0   30    1
    0    2   21

confusion_matrix =

   27    0    0
    0   23    2
    0    1   22

confusion_matrix =

   25    0    0
    0   20    3
    0    2   25

confusion_matrix =

   31    0    0
    0   20    0
    0    1   23

confusion_matrix =

   25    0    0
    0   25    2
    0    2   21

confusion_matrix =

   26    0    0
    0   21    1
    0    4   23

confusion_matrix =

   21    0    0
    0   26    2
    0    1   25

confusion_matrix =

   25    0    0
    0   23    1
    0    1   25

confusion_matrix =

   19    0    0
    0   29    3
    0    2   22

Mean for K=1 is   95.466667 
Standard Deviation for K=1 is   1.799863 
Knn classifier for IRIS DATA for K=3 random subsampling 
confusion_matrix =

   25    0    0
    0   25    2
    0    3   20

confusion_matrix =

   24    0    0
    0   26    0
    0    1   24

confusion_matrix =

   25    0    0
    0   23    1
    0    3   23

confusion_matrix =

   25    0    0
    0   26    3
    0    2   19

confusion_matrix =

   25    0    0
    0   27    0
    0    0   23

confusion_matrix =

   22    0    0
    0   24    2
    0    4   23

confusion_matrix =

   24    0    0
    0   26    0
    0    3   22

confusion_matrix =

   21    0    0
    0   26    0
    0    6   22

confusion_matrix =

   26    0    0
    0   23    1
    0    8   17

confusion_matrix =

   24    0    0
    0   25    1
    0    3   22

Mean for K=3 is   94.266667 
Standard Deviation for K=3 is   3.445520 
Knn classifier for IRIS DATA for K=1 five folds cross validation 
confusion_matrix =

   11    0    0
    0    8    1
    0    0   10

confusion_matrix =

    8    0    0
    0   14    0
    0    1    8

confusion_matrix =

   12    0    0
    0    6    0
    0    1   12

confusion_matrix =

    8    0    0
    0    8    1
    0    0   14

confusion_matrix =

   13    0    0
    0   11    1
    0    1    5

confusion_matrix =

   10    0    0
    0    9    0
    0    1   10

confusion_matrix =

   12    0    0
    0    7    1
    0    0   11

confusion_matrix =

   11    0    0
    0    8    1
    0    0   11

confusion_matrix =

   14    0    0
    0    8    0
    0    1    8

confusion_matrix =

    6    0    0
    0   15    1
    0    1    8

confusion_matrix =

   15    0    0
    0    5    1
    0    1    8

confusion_matrix =

    7    0    0
    0   14    0
    0    0   10

confusion_matrix =

   13    0    0
    0    6    1
    0    0   11

confusion_matrix =

    7    0    0
    0   11    0
    0    1   12

confusion_matrix =

    8    0    0
    0   13    1
    0    2    7

confusion_matrix =

   12    0    0
    0    8    0
    0    0   10

confusion_matrix =

    9    0    0
    0   11    2
    0    1    8

confusion_matrix =

    5    0    0
    0   11    1
    0    2   12

confusion_matrix =

   10    0    0
    0   11    0
    0    0   10

confusion_matrix =

   15    0    0
    0    7    0
    0    0    9

confusion_matrix =

    8    0    0
    0    8    1
    0    1   12

confusion_matrix =

   10    0    0
    0   10    1
    0    1    9

confusion_matrix =

    9    0    0
    0   12    1
    0    2    7

confusion_matrix =

   13    0    0
    0   11    0
    0    0    7

confusion_matrix =

   11    0    0
    0    7    0
    0    0   13

confusion_matrix =

    6    0    0
    0    7    1
    0    1   15

confusion_matrix =

   13    0    0
    0    7    2
    0    1    8

confusion_matrix =

   11    0    0
    0    8    0
    0    1   11

confusion_matrix =

    9    0    0
    0   13    1
    0    0    8

confusion_matrix =

   12    0    0
    0   12    0
    0    1    6

confusion_matrix =

    9    0    0
    0    9    0
    0    1   11

confusion_matrix =

    8    0    0
    0   10    0
    0    0   13

confusion_matrix =

   11    0    0
    0    9    2
    0    2    7

confusion_matrix =

   11    0    0
    0    9    0
    0    1   10

confusion_matrix =

   12    0    0
    0   10    1
    0    0    8

confusion_matrix =

    8    0    0
    0   11    0
    0    1   10

confusion_matrix =

   11    0    0
    0    9    1
    0    2    8

confusion_matrix =

    7    0    0
    0   12    1
    0    0   11

confusion_matrix =

   10    0    0
    0   12    0
    0    1    8

confusion_matrix =

   14    0    0
    0    4    1
    0    0   12

confusion_matrix =

   10    0    0
    0    6    1
    0    2   11

confusion_matrix =

    7    0    0
    0   11    0
    0    0   13

confusion_matrix =

   12    0    0
    0   10    0
    0    0    9

confusion_matrix =

   12    0    0
    0    9    1
    0    0    9

confusion_matrix =

    9    0    0
    0   13    1
    0    1    7

confusion_matrix =

    9    0    0
    0    8    1
    0    1   11

confusion_matrix =

   11    0    0
    0    9    0
    0    0   11

confusion_matrix =

   11    0    0
    0   12    0
    0    1    7

confusion_matrix =

   12    0    0
    0    9    0
    0    0   10

confusion_matrix =

    9    0    0
    0   10    2
    0    1    9

mean_matrix =

 Columns 1 through 8:

   96.108   96.108   95.441   96.129   95.441   94.796   95.462   95.462

 Columns 9 and 10:

   96.065   96.086

Grand Mean for 5 folds for K=1 is 95.709677
Standard Deviation for 5 folds for K=1  0.454872 
Knn classifier for IRIS DATA for K=3 five folds cross validation 
mean_matrix =

 Columns 1 through 8:

   96.108   96.108   95.441   96.129   95.441   94.796   95.462   95.462

 Columns 9 and 10:

   96.065   96.086

confusion_matrix =

   13    0    0
    0    7    0
    0    2    8

confusion_matrix =

   10    0    0
    0   10    1
    0    1    9

confusion_matrix =

    7    0    0
    0   13    0
    0    0   11

confusion_matrix =

   10    0    0
    0   12    0
    0    2    7

confusion_matrix =

   11    0    0
    0    8    1
    0    1   10

confusion_matrix =

    9    0    0
    0   11    1
    0    0    9

confusion_matrix =

    7    0    0
    0   14    0
    0    1    9

confusion_matrix =

   13    0    0
    0    4    0
    0    2   12

confusion_matrix =

   13    0    0
    0   12    0
    0    0    6

confusion_matrix =

   10    0    0
    0    9    1
    0    0   11

confusion_matrix =

    7    0    0
    0   10    1
    0    1   11

confusion_matrix =

   12    0    0
    0   11    1
    0    1    6

confusion_matrix =

   11    0    0
    0    9    0
    0    2    9

confusion_matrix =

   14    0    0
    0   10    0
    0    0    7

confusion_matrix =

    8    0    0
    0    8    1
    0    2   12

confusion_matrix =

   11    0    0
    0    8    0
    0    0   11

confusion_matrix =

   12    0    0
    0    9    2
    0    1    7

confusion_matrix =

    9    0    0
    0    6    0
    0    4   12

confusion_matrix =

    8    0    0
    0   12    0
    0    1   10

confusion_matrix =

   10    0    0
    0   12    2
    0    0    7

confusion_matrix =

   12    0    0
    0   10    1
    0    0    7

confusion_matrix =

    8    0    0
    0    9    1
    0    2   11

confusion_matrix =

    4    0    0
    0   13    1
    0    1   12

confusion_matrix =

   13    0    0
    0    7    1
    0    0   10

confusion_matrix =

   14    0    0
    0    8    0
    0    1    8

confusion_matrix =

   16    0    0
    0    6    0
    0    1    7

confusion_matrix =

   14    0    0
    0    6    1
    0    3    7

confusion_matrix =

    7    0    0
    0   12    0
    0    0   12

confusion_matrix =

    8    0    0
    0    9    1
    0    2   11

confusion_matrix =

    7    0    0
    0   15    1
    0    0    8

confusion_matrix =

    6    0    0
    0   13    1
    0    0   10

confusion_matrix =

   10    0    0
    0    8    2
    0    0   11

confusion_matrix =

   11    0    0
    0   10    0
    0    0   10

confusion_matrix =

   11    0    0
    0   10    1
    0    2    7

