octave:2> knn
Knn classifier for WINE DATA for K=1 random subsampling 
confusion_matrix =

   25    0    4
    2   21   12
    3    9   13

confusion_matrix =

   27    0    3
    2   24   12
    2    9   10

confusion_matrix =

   28    2    2
    3   21    9
    0    7   17

confusion_matrix =

   28    3    0
    2   25    4
    4   11   12

confusion_matrix =

   26    1    3
    0   28    7
    0   11   13

confusion_matrix =

   25    0    1
    5   22   11
    2    6   17

confusion_matrix =

   22    2    1
    2   24    6
    3   13   16

confusion_matrix =

   31    2    2
    2   21    7
    4    6   14

confusion_matrix =

   27    2    2
    3   29    6
    2    4   14

confusion_matrix =

   23    2    1
    4   27    7
    2    9   14

Mean for K=1 is   72.359551 
Standard Deviation for K=1 is   3.561008 
Knn classifier for WINE DATA for K=3 random subsampling 
confusion_matrix =

   25    1    3
    3   22    6
    5   12   12

confusion_matrix =

   22    0    2
    6   31    4
    3   11   10

confusion_matrix =

   28    1    2
    3   27   10
    1    9    8

confusion_matrix =

   24    2    2
    2   23   10
    6    9   11

confusion_matrix =

   30    0    3
    1   23   12
    2    6   12

confusion_matrix =

   21    1    0
    3   21   13
    0   17   13

confusion_matrix =

   32    2    0
    3   26    8
    3    7    8

confusion_matrix =

   22    0    0
    3   22   13
    2   11   16

confusion_matrix =

   28    1    2
    5   22    9
    3    8   11

confusion_matrix =

   24    1    2
    4   21   10
    4   10   13

Mean for K=3 is   68.314607 
Standard Deviation for K=3 is   3.885034 
Knn classifier for WINE DATA for K=1 five folds cross validation 
confusion_matrix =

   13    0    1
    2    5    3
    1    6    4

confusion_matrix =

   12    0    1
    0   11    1
    1    2    9

confusion_matrix =

   13    0    2
    0    9    6
    0    1    5

confusion_matrix =

    9    2    1
    1   11    4
    0    4    5

confusion_matrix =

    5    0    1
    1   17    2
    0    3    8

confusion_matrix =

    8    2    1
    0   12    3
    0    3    6

confusion_matrix =

   10    0    1
    2   10    2
    2    4    6

confusion_matrix =

    5    0    0
    1   17    2
    0    6    5

confusion_matrix =

   17    1    1
    2    5    2
    0    4    5

confusion_matrix =

   12    0    1
    0    9    6
    1    0    8

confusion_matrix =

    9    0    3
    0   13    1
    0    3    6

confusion_matrix =

   10    0    0
    1   14    2
    1    2    7

confusion_matrix =

   12    0    1
    1    8    2
    0    4    8

confusion_matrix =

   14    0    0
    1   10    2
    2    2    6

confusion_matrix =

    8    4    0
    0   10    7
    0    2    6

confusion_matrix =

   12    3    0
    0   11    2
    0    3    4

confusion_matrix =

   12    0    1
    0   12    0
    4    3    5

confusion_matrix =

    8    0    0
    1   17    2
    1    2    5

confusion_matrix =

   12    0    1
    0    8    5
    0    2    9

confusion_matrix =

   10    0    2
    2    8    4
    0    3    8

confusion_matrix =

   12    2    1
    0    5    1
    2    7    5

confusion_matrix =

   10    2    0
    1   15    1
    0    1    7

confusion_matrix =

   14    1    0
    1   11    3
    0    2    4

confusion_matrix =

    4    0    2
    1   14    4
    1    2    9

confusion_matrix =

   12    0    1
    4    7    4
    2    1    6

confusion_matrix =

    9    0    0
    1   13    2
    1    3    6

confusion_matrix =

    9    0    2
    2   13    2
    0    4    5

confusion_matrix =

   14    2    2
    0    9    5
    1    0    3

confusion_matrix =

   10    1    0
    1   12    2
    0    8    3

confusion_matrix =

   11    0    0
    1   11    0
    1    2   11

confusion_matrix =

   10    0    1
    0    9    2
    0    5    8

confusion_matrix =

    9    4    0
    0   11    3
    2    2    6

confusion_matrix =

   14    0    1
    1   13    2
    0    1    4

confusion_matrix =

   10    0    3
    2   12    3
    0    3    4

confusion_matrix =

    9    0    0
    2    8    3
    1    4   10

confusion_matrix =

    6    0    2
    1   11    1
    1    4    9

confusion_matrix =

   11    2    1
    1   15    3
    1    0    3

confusion_matrix =

   12    0    1
    2    8    1
    1    2    9

confusion_matrix =

   13    1    1
    0    7    6
    0    3    6

confusion_matrix =

   11    1    0
    0   13    3
    0    5    4

confusion_matrix =

   13    0    2
    0   10    2
    0    1    7

confusion_matrix =

    8    0    0
    1   11    3
    1    5    8

confusion_matrix =

   11    1    2
    2    9    1
    1    3    6

confusion_matrix =

   12    0    0
    1   13    3
    0    4    4

confusion_matrix =

   12    1    0
    2   13    1
    0    3    5

confusion_matrix =

   12    2    0
    1   11    2
    0    5    2

confusion_matrix =

   9   0   0
   1   8   5
   1   5   8

confusion_matrix =

   11    0    2
    1   13    1
    1    2    5

confusion_matrix =

   13    0    2
    0   10    1
    0    3    8

confusion_matrix =

    9    0    0
    2   13    3
    0    3    7

mean_matrix =

 Columns 1 through 8:

   74.598   74.181   77.502   77.501   74.088   76.390   75.353   75.833

 Columns 9 and 10:

   78.074   76.343

Grand Mean for 5 folds for K=1 is 75.986358
Standard Deviation for 5 folds for K=1  1.431713 
Knn classifier for Wine DATA for K=3 five folds cross validation 
confusion_matrix =

   18    1    0
    0    4    3
    0    4    5

confusion_matrix =

   10    0    3
    1   10    2
    1    4    6

confusion_matrix =

   11    0    1
    2    9    5
    0    5    3

confusion_matrix =

    7    0    1
    0   12    5
    1    4    7

confusion_matrix =

    9    0    0
    0   15    3
    1    4    5

confusion_matrix =

   11    0    0
    5   10    1
    0    5    3

confusion_matrix =

   12    0    1
    0   14    5
    1    2    2

confusion_matrix =

   10    2    0
    1    7    5
    0    5    6

confusion_matrix =

   14    0    1
    0    5    3
    1    5    8

confusion_matrix =

    7    1    1
    1   12    3
    1    6    5

confusion_matrix =

   11    0    1
    0    8    2
    1    7    5

confusion_matrix =

   16    0    0
    3    8    4
    1    2    3

confusion_matrix =

    9    1    1
    0   13    2
    1    4    5

confusion_matrix =

   11    0    0
    2   12    0
    1    6    5

confusion_matrix =

    7    0    2
    1   10    8
    0    3    6

confusion_matrix =

   12    1    0
    0   11    2
    2    2    5

confusion_matrix =

   8   0   0
   2   6   7
   1   9   4

confusion_matrix =

   12    1    0
    1    9    4
    0    6    3

confusion_matrix =

    8    2    1
    1   12    2
    1    4    6

confusion_matrix =

   13    0    2
    1   10    4
    1    3    3

confusion_matrix =

    8    1    2
    0   11    4
    1    4    4

confusion_matrix =

   14    0    1
    1    9    3
    0    2    7

confusion_matrix =

   11    0    0
    2   10    5
    0    2    6

confusion_matrix =

   12    0    0
    3    9    4
    1    3    5

confusion_matrix =

   12    0    0
    0    8    4
    3    4    6

confusion_matrix =

    9    0    1
    1   11    5
    2    4    2

confusion_matrix =

   14    0    1
    2   10    2
    0    4    4

confusion_matrix =

   9   0   0
   1   8   6
   1   3   8

confusion_matrix =

    7    0    3
    1   10    1
    1    7    7

confusion_matrix =

   13    3    0
    0   11    3
    0    3    4

confusion_matrix =

    7    0    1
    0   14    3
    0    6    4

confusion_matrix =

   13    0    1
    0    7    4
    0    5    7

confusion_matrix =

   10    0    1
    1   10    5
    1    4    4

confusion_matrix =

   11    0    0
    1   11    4
    0    4    6

confusion_matrix =

   14    0    2
    2    7    4
    0    4    4

confusion_matrix =

    9    0    0
    2   12    3
    1    3    5

